[manual]
lat=40.78163
lon=-73.94837
